# xytable powder queue -- ranked by xytable-nano-v3 P(powder).
# Scored on images CROPPED top 15% (matches training; removes the burned-in
# timestamp that otherwise correlates 6/9 with the powder class).
# WARNING: held-out test showed no generalisation -- treat this order as weak.
218773
218790
202711
237008
219943
219043
215663
222543
203685
197844
230898
230388
222150
230149
230167
230145
230138
230110
230156
230383
218059
230375
230166
230148
237007
209664
235654
237417
220211
224518
236366
224010
201780
233367
224000
234681
230137
230371
227475
230372
224014
224005
216060
230380
230144
230155
203012
224022
230384
237739
224024
208868
212156
235277
230162
223459
212987
230109
230376
229332
223046
230379
229052
218191
232346
215662
212513
212986
232374
235526
226544
226563
226549
221828
210969
228340
222542
231303
197568
228743
237740
230737
227294
230123
230897
226280
226388
229119
226556
216976
222904
230012
223061
208095
215695
212960
211012
208100
204408
230413
233940
235516
210735
218789
219942
237206
226459
229376
222149
227660
219343
226295
231270
231281
229331
229783
212982
231277
230387
226935
236471
212981
216059
218772
227702
227496
236470
222676
227188
231287
231292
213221
212649
212959
203970
209458
214787
235961
205155
214368
238610
230439
231913
222077
213457
235278
214534
213458
210734
224017
223672
229051
209922
210488
212511
235517
234682
214786
236367
223680
236291
224519
222402
221598
219342
222078
210489
219280
224018
222578
236467
228339
223700
226555
223691
204357
231868
207424
200930
217359
223685
226387
226562
223692
227701
203990
227187
212455
226296
214369
237418
220212
229784
221829
230122
232345
237158
235960
222426
231865
227659
221597
231902
222675
221916
224009
229377
226548
231907
218302
225887
212613
222823
231869
232373
225888
231903
226543
237157
212155
223699
230013
223679
212648
234280
231914
210749
231276
223666
222577
231268
218823
230414
217119
223671
236290
231906
230738
224208
216910
219019
222994
223200
222401
223201
223460
222995
222905
223684
223047
231864
229120
231302
231291
219042
231286
199520
235653
210629
231280
237205
210628
215694
223667
218396
213220
224486
222527
218058
210748
220410
218190
220402
220436
220420
220415
220427
220406
220401
220414
220435
220405
220409
